1000
1154776099 1154776096
1154776099 1154776089
1154776099 1154776087
1154776099 1154776073
1154776099 1154776072
1154776099 1154776070
1154776099 1154776064
1154776099 1154776059
1154776099 1154776058
1154776099 1154776057
1154776099 1154776051
1154776099 1154776044
1154776099 1154776042
1154776099 1154776038
1154776099 1154776033
1154776099 1154776030
1154776099 1154776024
1154776099 1154776014
1154776099 1154776013
1154776099 1154776010
1154776099 1154776009
1154776099 1154776008
1154776099 1154776002
1154776099 1154775997
1154776099 1154775995
1154776099 1154775991
1154776099 1154775986
1154776099 1154775983
1154776099 1154775965
1154776099 1154775960
1154776099 1154775959
1154776099 1154775958
1154776099 1154775957
1154776099 1154775956
1154776099 1154775953
1154776099 1154775952
1154776099 1154775944
1154776099 1154775941
1154776099 1154775940
1154776099 1154775939
1154776099 1154775935
1154776099 1154775932
1154776099 1154775931
1154776099 1154775926
1154776099 1154775914
1154776099 1154775913
1154776099 1154775909
1154776099 1154775907
1154776099 1154775904
1154776099 1154775885
1154776099 1154775881
1154776099 1154775879
1154776099 1154775878
1154776099 1154775877
1154776099 1154775871
1154776099 1154775869
1154776099 1154775868
1154776099 1154775865
1154776099 1154775858
1154776099 1154775856
1154776099 1154775855
1154776099 1154775849
1154776099 1154775842
1154776099 1154775838
1154776099 1154775837
1154776099 1154775835
1154776099 1154775823
1154776099 1154775822
1154776099 1154775804
1154776099 1154775799
1154776099 1154775798
1154776099 1154775790
1154776099 1154775785
1154776099 1154775784
1154776099 1154775759
1154776099 1154775755
1154776099 1154775750
1154776099 1154775746
1154776099 1154775745
1154776099 1154775743
1154776099 1154775742
1154776099 1154775739
1154776099 1154775737
1154776099 1154775736
1154776099 1154775735
1154776099 1154775730
1154776099 1154775721
1154776099 1154775718
1154776099 1154775717
1154776099 1154775716
1154776099 1154775711
1154776099 1154775698
1154776099 1154775696
1154776099 1154775693
1154776099 1154775691
1154776099 1154775684
1154776099 1154775683
1154776099 1154775678
1154776099 1154775667
1154776099 1154775666
1154776099 1154775652
1154776099 1154775650
1154776099 1154775647
1154776099 1154775646
1154776099 1154775645
1154776099 1154775635
1154776099 1154775632
1154776099 1154775630
1154776099 1154775629
1154776099 1154775626
1154776099 1154775621
1154776099 1154775618
1154776099 1154775612
1154776099 1154775610
1154776099 1154775609
1154776099 1154775605
1154776099 1154775604
1154776099 1154775602
1154776099 1154775601
1154776099 1154775594
1154776099 1154775592
1154776099 1154775590
1154776099 1154775588
1154776099 1154775586
1154776099 1154775569
1154776099 1154775563
1154776099 1154775550
1154776099 1154775548
1154776099 1154775546
1154776099 1154775543
1154776099 1154775539
1154776099 1154775538
1154776099 1154775535
1154776099 1154775533
1154776099 1154775531
1154776099 1154775527
1154776099 1154775525
1154776099 1154775515
1154776099 1154775511
1154776099 1154775505
1154776099 1154775501
1154776099 1154775500
1154776099 1154775498
1154776099 1154775493
1154776099 1154775480
1154776099 1154775479
1154776099 1154775478
1154776099 1154775467
1154776099 1154775465
1154776099 1154775463
1154776099 1154775461
1154776099 1154775459
1154776099 1154775454
1154776099 1154775449
1154776099 1154775448
1154776099 1154775443
1154776099 1154775434
1154776099 1154775432
1154776099 1154775431
1154776099 1154775430
1154776099 1154775427
1154776099 1154775425
1154776099 1154775424
1154776099 1154775414
1154776099 1154775407
1154776099 1154775398
1154776099 1154775390
1154776099 1154775374
1154776099 1154775368
1154776099 1154775362
1154776099 1154775359
1154776099 1154775355
1154776099 1154775353
1154776099 1154775350
1154776099 1154775346
1154776099 1154775342
1154776099 1154775339
1154776099 1154775336
1154776099 1154775334
1154776099 1154775332
1154776099 1154775331
1154776099 1154775329
1154776099 1154775326
1154776099 1154775325
1154776099 1154775322
1154776099 1154775321
1154776099 1154775320
1154776099 1154775319
1154776099 1154775318
1154776099 1154775310
1154776099 1154775305
1154776099 1154775301
1154776099 1154775298
1154776099 1154775296
1154776099 1154775294
1154776099 1154775292
1154776099 1154775290
1154776099 1154775289
1154776099 1154775286
1154776099 1154775280
1154776099 1154775277
1154776099 1154775261
1154776099 1154775256
1154776099 1154775246
1154776099 1154775245
1154776099 1154775243
1154776099 1154775240
1154776099 1154775232
1154776099 1154775230
1154776099 1154775229
1154776099 1154775227
1154776099 1154775226
1154776099 1154775224
1154776099 1154775220
1154776099 1154775219
1154776099 1154775216
1154776099 1154775215
1154776099 1154775211
1154776099 1154775204
1154776099 1154775197
1154776099 1154775187
1154776099 1154775185
1154776099 1154775182
1154776099 1154775181
1154776099 1154775179
1154776099 1154775178
1154776099 1154775177
1154776099 1154775175
1154776099 1154775173
1154776099 1154775170
1154776099 1154775166
1154776099 1154775163
1154776099 1154775156
1154776099 1154775135
1154776099 1154775134
1154776099 1154775133
1154776099 1154775128
1154776099 1154775127
1154776099 1154775123
1154776099 1154775116
1154776099 1154775114
1154776099 1154775113
1154776099 1154775104
1154776099 1154775099
1154776099 1154775094
1154776099 1154775082
1154776099 1154775080
1154776099 1154775076
1154776099 1154775074
1154776099 1154775071
1154776099 1154775069
1154776099 1154775055
1154776099 1154775054
1154776099 1154775051
1154776099 1154775049
1154776099 1154775044
1154776099 1154775043
1154776099 1154775038
1154776099 1154775034
1154776099 1154775030
1154776099 1154775025
1154776099 1154775020
1154776099 1154775017
1154776099 1154775016
1154776099 1154775005
1154776099 1154775004
1154776099 1154775000
1154776099 1154774995
1154776099 1154774991
1154776099 1154774973
1154776099 1154774962
1154776099 1154774961
1154776099 1154774960
1154776099 1154774954
1154776099 1154774946
1154776099 1154774941
1154776099 1154774940
1154776099 1154774934
1154776099 1154774922
1154776099 1154774919
1154776099 1154774917
1154776099 1154774914
1154776099 1154774909
1154776099 1154774905
1154776099 1154774900
1154776099 1154774899
1154776099 1154774895
1154776099 1154774893
1154776099 1154774892
1154776099 1154774889
1154776099 1154774882
1154776099 1154774878
1154776099 1154774877
1154776099 1154774876
1154776099 1154774872
1154776099 1154774869
1154776099 1154774863
1154776099 1154774862
1154776099 1154774860
1154776099 1154774858
1154776099 1154774853
1154776099 1154774850
1154776099 1154774848
1154776099 1154774845
1154776099 1154774843
1154776099 1154774839
1154776099 1154774834
1154776099 1154774833
1154776099 1154774832
1154776099 1154774830
1154776099 1154774829
1154776099 1154774825
1154776099 1154774821
1154776099 1154774817
1154776099 1154774812
1154776099 1154774808
1154776099 1154774806
1154776099 1154774798
1154776099 1154774796
1154776099 1154774788
1154776099 1154774786
1154776099 1154774785
1154776099 1154774778
1154776099 1154774776
1154776099 1154774772
1154776099 1154774766
1154776099 1154774762
1154776099 1154774757
1154776099 1154774756
1154776099 1154774741
1154776099 1154774739
1154776099 1154774736
1154776099 1154774725
1154776099 1154774724
1154776099 1154774723
1154776099 1154774721
1154776099 1154774705
1154776099 1154774704
1154776099 1154774703
1154776099 1154774701
1154776099 1154774696
1154776099 1154774687
1154776099 1154774683
1154776099 1154774678
1154776099 1154774677
1154776099 1154774675
1154776099 1154774674
1154776099 1154774671
1154776099 1154774670
1154776099 1154774668
1154776099 1154774661
1154776099 1154774659
1154776099 1154774658
1154776099 1154774651
1154776099 1154774647
1154776099 1154774643
1154776099 1154774626
1154776099 1154774623
1154776099 1154774621
1154776099 1154774618
1154776099 1154774610
1154776099 1154774609
1154776099 1154774597
1154776099 1154774596
1154776099 1154774589
1154776099 1154774587
1154776099 1154774581
1154776099 1154774575
1154776099 1154774574
1154776099 1154774571
1154776099 1154774568
1154776099 1154774567
1154776099 1154774562
1154776099 1154774550
1154776099 1154774547
1154776099 1154774542
1154776099 1154774534
1154776099 1154774532
1154776099 1154774518
1154776099 1154774517
1154776099 1154774512
1154776099 1154774510
1154776099 1154774508
1154776099 1154774505
1154776099 1154774498
1154776099 1154774495
1154776099 1154774494
1154776099 1154774490
1154776099 1154774487
1154776099 1154774484
1154776099 1154774480
1154776099 1154774478
1154776099 1154774475
1154776099 1154774472
1154776099 1154774469
1154776099 1154774467
1154776099 1154774465
1154776099 1154774464
1154776099 1154774462
1154776099 1154774454
1154776099 1154774449
1154776099 1154774444
1154776099 1154774441
1154776099 1154774439
1154776099 1154774435
1154776099 1154774434
1154776099 1154774432
1154776099 1154774426
1154776099 1154774425
1154776099 1154774422
1154776099 1154774415
1154776099 1154774409
1154776099 1154774408
1154776099 1154774406
1154776099 1154774389
1154776099 1154774385
1154776099 1154774384
1154776099 1154774374
1154776099 1154774372
1154776099 1154774371
1154776099 1154774370
1154776099 1154774368
1154776099 1154774367
1154776099 1154774364
1154776099 1154774356
1154776099 1154774346
1154776099 1154774344
1154776099 1154774340
1154776099 1154774320
1154776099 1154774318
1154776099 1154774311
1154776099 1154774304
1154776099 1154774303
1154776099 1154774301
1154776099 1154774291
1154776099 1154774288
1154776099 1154774287
1154776099 1154774283
1154776099 1154774280
1154776099 1154774277
1154776099 1154774269
1154776099 1154774268
1154776099 1154774264
1154776099 1154774256
1154776099 1154774252
1154776099 1154774248
1154776099 1154774246
1154776099 1154774244
1154776099 1154774243
1154776099 1154774232
1154776099 1154774231
1154776099 1154774229
1154776099 1154774228
1154776099 1154774226
1154776099 1154774224
1154776099 1154774223
1154776099 1154774221
1154776099 1154774220
1154776099 1154774219
1154776099 1154774214
1154776099 1154774212
1154776099 1154774210
1154776099 1154774207
1154776099 1154774205
1154776099 1154774187
1154776099 1154774175
1154776099 1154774173
1154776099 1154774172
1154776099 1154774168
1154776099 1154774165
1154776099 1154774161
1154776099 1154774153
1154776099 1154774152
1154776099 1154774151
1154776099 1154774150
1154776099 1154774148
1154776099 1154774144
1154776099 1154774143
1154776099 1154774141
1154776099 1154774139
1154776099 1154774137
1154776099 1154774134
1154776099 1154774126
1154776099 1154774125
1154776099 1154774123
1154776099 1154774121
1154776099 1154774119
1154776099 1154774118
1154776099 1154774117
1154776099 1154774116
1154776099 1154774113
1154776099 1154774111
1154776099 1154774110
1154776099 1154774108
1154776099 1154774107
1154776099 1154774101
1154776099 1154774097
1154776099 1154774096
1154776099 1154774090
1154776099 1154774080
1154776099 1154774079
1154776099 1154774071
1154776099 1154774063
1154776099 1154774055
1154776099 1154774052
1154776099 1154774050
1154776099 1154774047
1154776099 1154774046
1154776099 1154774041
1154776099 1154774037
1154776099 1154774030
1154776099 1154774029
1154776099 1154774025
1154776099 1154774022
1154776099 1154774020
1154776099 1154774017
1154776099 1154774006
1154776099 1154773998
1154776099 1154773997
1154776099 1154773993
1154776099 1154773979
1154776099 1154773978
1154776099 1154773974
1154776099 1154773965
1154776099 1154773955
1154776099 1154773953
1154776099 1154773952
1154776099 1154773949
1154776099 1154773945
1154776099 1154773930
1154776099 1154773929
1154776099 1154773926
1154776099 1154773925
1154776099 1154773912
1154776099 1154773905
1154776099 1154773904
1154776099 1154773903
1154776099 1154773900
1154776099 1154773898
1154776099 1154773897
1154776099 1154773895
1154776099 1154773893
1154776099 1154773887
1154776099 1154773886
1154776099 1154773884
1154776099 1154773880
1154776099 1154773878
1154776099 1154773875
1154776099 1154773874
1154776099 1154773873
1154776099 1154773872
1154776099 1154773870
1154776099 1154773869
1154776099 1154773868
1154776099 1154773866
1154776099 1154773862
1154776099 1154773859
1154776099 1154773855
1154776099 1154773849
1154776099 1154773848
1154776099 1154773843
1154776099 1154773837
1154776099 1154773836
1154776099 1154773835
1154776099 1154773827
1154776099 1154773824
1154776099 1154773811
1154776099 1154773803
1154776099 1154773797
1154776099 1154773792
1154776099 1154773786
1154776099 1154773772
1154776099 1154773763
1154776099 1154773761
1154776099 1154773758
1154776099 1154773753
1154776099 1154773752
1154776099 1154773750
1154776099 1154773747
1154776099 1154773744
1154776099 1154773741
1154776099 1154773740
1154776099 1154773738
1154776099 1154773723
1154776099 1154773710
1154776099 1154773707
1154776099 1154773706
1154776099 1154773704
1154776099 1154773703
1154776099 1154773697
1154776099 1154773695
1154776099 1154773688
1154776099 1154773682
1154776099 1154773677
1154776099 1154773675
1154776099 1154773674
1154776099 1154773666
1154776099 1154773650
1154776099 1154773640
1154776099 1154773623
1154776099 1154773620
1154776099 1154773619
1154776099 1154773618
1154776099 1154773615
1154776099 1154773613
1154776099 1154773606
1154776099 1154773604
1154776099 1154773602
1154776099 1154773596
1154776099 1154773590
1154776099 1154773589
1154776099 1154773584
1154776099 1154773582
1154776099 1154773576
1154776099 1154773571
1154776099 1154773563
1154776099 1154773562
1154776099 1154773557
1154776099 1154773556
1154776099 1154773555
1154776099 1154773553
1154776099 1154773549
1154776099 1154773547
1154776099 1154773545
1154776099 1154773542
1154776099 1154773539
1154776099 1154773538
1154776099 1154773521
1154776099 1154773519
1154776099 1154773514
1154776099 1154773512
1154776099 1154773509
1154776099 1154773505
1154776099 1154773500
1154776099 1154773499
1154776099 1154773495
1154776099 1154773494
1154776099 1154773488
1154776099 1154773486
1154776099 1154773485
1154776099 1154773484
1154776099 1154773475
1154776099 1154773472
1154776099 1154773470
1154776099 1154773469
1154776099 1154773468
1154776099 1154773465
1154776099 1154773461
1154776099 1154773458
1154776099 1154773444
1154776099 1154773441
1154776099 1154773439
1154776099 1154773436
1154776099 1154773434
1154776099 1154773431
1154776099 1154773430
1154776099 1154773429
1154776099 1154773427
1154776099 1154773423
1154776099 1154773422
1154776099 1154773421
1154776099 1154773420
1154776099 1154773411
1154776099 1154773409
1154776099 1154773406
1154776099 1154773404
1154776099 1154773403
1154776099 1154773401
1154776099 1154773399
1154776099 1154773398
1154776099 1154773390
1154776099 1154773389
1154776099 1154773384
1154776099 1154773382
1154776099 1154773380
1154776099 1154773377
1154776099 1154773376
1154776099 1154773369
1154776099 1154773365
1154776099 1154773360
1154776099 1154773359
1154776099 1154773356
1154776099 1154773350
1154776099 1154773342
1154776099 1154773331
1154776099 1154773330
1154776099 1154773325
1154776099 1154773320
1154776099 1154773318
1154776099 1154773314
1154776099 1154773306
1154776099 1154773302
1154776099 1154773295
1154776099 1154773289
1154776099 1154773280
1154776099 1154773276
1154776099 1154773274
1154776099 1154773273
1154776099 1154773264
1154776099 1154773263
1154776099 1154773262
1154776099 1154773256
1154776099 1154773252
1154776099 1154773245
1154776099 1154773244
1154776099 1154773240
1154776099 1154773238
1154776099 1154773234
1154776099 1154773233
1154776099 1154773232
1154776099 1154773225
1154776099 1154773222
1154776099 1154773220
1154776099 1154773216
1154776099 1154773209
1154776099 1154773205
1154776099 1154773199
1154776099 1154773193
1154776099 1154773189
1154776099 1154773184
1154776099 1154773181
1154776099 1154773176
1154776099 1154773175
1154776099 1154773172
1154776099 1154773169
1154776099 1154773168
1154776099 1154773166
1154776099 1154773164
1154776099 1154773154
1154776099 1154773151
1154776099 1154773146
1154776099 1154773139
1154776099 1154773133
1154776099 1154773130
1154776099 1154773128
1154776099 1154773125
1154776099 1154773123
1154776099 1154773122
1154776099 1154773115
1154776099 1154773113
1154776099 1154773112
1154776099 1154773110
1154776099 1154773105
1154776099 1154773103
1154776099 1154773097
1154776099 1154773090
1154776099 1154773088
1154776099 1154773087
1154776099 1154773081
1154776099 1154773080
1154776099 1154773078
1154776099 1154773073
1154776099 1154773072
1154776099 1154773071
1154776099 1154773070
1154776099 1154773065
1154776099 1154773064
1154776099 1154773059
1154776099 1154773058
1154776099 1154773054
1154776099 1154773047
1154776099 1154773041
1154776099 1154773039
1154776099 1154773038
1154776099 1154773034
1154776099 1154773031
1154776099 1154773029
1154776099 1154773027
1154776099 1154773022
1154776099 1154773020
1154776099 1154773019
1154776099 1154773018
1154776099 1154773017
1154776099 1154773010
1154776099 1154773007
1154776099 1154773005
1154776099 1154773003
1154776099 1154772997
1154776099 1154772991
1154776099 1154772989
1154776099 1154772987
1154776099 1154772986
1154776099 1154772983
1154776099 1154772979
1154776099 1154772978
1154776099 1154772975
1154776099 1154772973
1154776099 1154772961
1154776099 1154772958
1154776099 1154772957
1154776099 1154772953
1154776099 1154772944
1154776099 1154772943
1154776099 1154772942
1154776099 1154772933
1154776099 1154772932
1154776099 1154772926
1154776099 1154772923
1154776099 1154772922
1154776099 1154772913
1154776099 1154772907
1154776099 1154772902
1154776099 1154772901
1154776099 1154772900
1154776099 1154772895
1154776099 1154772887
1154776099 1154772886
1154776099 1154772885
1154776099 1154772884
1154776099 1154772879
1154776099 1154772872
1154776099 1154772871
1154776099 1154772866
1154776099 1154772865
1154776099 1154772864
1154776099 1154772863
1154776099 1154772859
1154776099 1154772858
1154776099 1154772856
1154776099 1154772852
1154776099 1154772847
1154776099 1154772846
1154776099 1154772841
1154776099 1154772834
1154776099 1154772833
1154776099 1154772832
1154776099 1154772826
1154776099 1154772823
1154776099 1154772820
1154776099 1154772812
1154776099 1154772811
1154776099 1154772810
1154776099 1154772804
1154776099 1154772801
1154776099 1154772797
1154776099 1154772786
1154776099 1154772782
1154776099 1154772780
1154776099 1154772778
1154776099 1154772776
1154776099 1154772766
1154776099 1154772757
1154776099 1154772752
1154776099 1154772749
1154776099 1154772748
1154776099 1154772747
1154776099 1154772741
1154776099 1154772730
1154776099 1154772727
1154776099 1154772725
1154776099 1154772720
1154776099 1154772718
1154776099 1154772714
1154776099 1154772712
1154776099 1154772709
1154776099 1154772708
1154776099 1154772705
1154776099 1154772697
1154776099 1154772694
1154776099 1154772689
1154776099 1154772687
1154776099 1154772683
1154776099 1154772681
1154776099 1154772677
1154776099 1154772675
1154776099 1154772673
1154776099 1154772670
1154776099 1154772663
1154776099 1154772661
1154776099 1154772658
1154776099 1154772652
1154776099 1154772648
1154776099 1154772644
1154776099 1154772633
1154776099 1154772632
1154776099 1154772631
1154776099 1154772630
1154776099 1154772624
1154776099 1154772623
1154776099 1154772619
1154776099 1154772612
1154776099 1154772611
1154776099 1154772610
1154776099 1154772607
1154776099 1154772601
1154776099 1154772599
1154776099 1154772590
1154776099 1154772584
1154776099 1154772583
1154776099 1154772579
1154776099 1154772577
1154776099 1154772574
1154776099 1154772567
1154776099 1154772565
1154776099 1154772563
1154776099 1154772560
1154776099 1154772549
1154776099 1154772547
1154776099 1154772538
1154776099 1154772534
1154776099 1154772532
1154776099 1154772530
1154776099 1154772525
1154776099 1154772524
1154776099 1154772521
1154776099 1154772519
1154776099 1154772514
1154776099 1154772501
1154776099 1154772494
1154776099 1154772491
1154776099 1154772490
1154776099 1154772489
1154776099 1154772482
1154776099 1154772472
1154776099 1154772468
1154776099 1154772465
1154776099 1154772464
1154776099 1154772460
1154776099 1154772457
1154776099 1154772451
1154776099 1154772449
1154776099 1154772445
1154776099 1154772443
1154776099 1154772442
1154776099 1154772440
1154776099 1154772431
1154776099 1154772427
1154776099 1154772425
1154776099 1154772424
1154776099 1154772421
1154776099 1154772419
1154776099 1154772416
1154776099 1154772415
1154776099 1154772411
1154776099 1154772408
1154776099 1154772406
1154776099 1154772403
1154776099 1154772395
1154776099 1154772394
1154776099 1154772392
1154776099 1154772383
1154776099 1154772372
1154776099 1154772367
1154776099 1154772364
1154776099 1154772355
1154776099 1154772340
1154776099 1154772330
1154776099 1154772327
1154776099 1154772322
1154776099 1154772317
1154776099 1154772313
1154776099 1154772312
1154776099 1154772310
1154776099 1154772309
1154776099 1154772306
1154776099 1154772294
1154776099 1154772293
1154776099 1154772276
1154776099 1154772273
1154776099 1154772270
1154776099 1154772262
1154776099 1154772258
1154776099 1154772257
1154776099 1154772252
1154776099 1154772248
1154776099 1154772243
1154776099 1154772241
1154776099 1154772240
1154776099 1154772239
1154776099 1154772235
1154776099 1154772225
1154776099 1154772224
1154776099 1154772222
1154776099 1154772221
1154776099 1154772217
1154776099 1154772215
1154776099 1154772211
1154776099 1154772202
1154776099 1154772195
1154776099 1154772192
1154776099 1154772181
1154776099 1154772173
1154776099 1154772170
1154776099 1154772168
1154776099 1154772167
1154776099 1154772159
1154776099 1154772158
1154776099 1154772156
1154776099 1154772155
1154776099 1154772149
1154776099 1154772146
1154776099 1154772145
1154776099 1154772141
1154776099 1154772140
1154776099 1154772134
1154776099 1154772125
1154776099 1154772124
1154776099 1154772120
1154776099 1154772119
1154776099 1154772116